5279
2369
1718
1
2427
2925
3
4
5
6
7
8
2237
9
4613
4614
4615
5823
3995
3932
4227
10
11
12
3136
3980
1940
5824
3820
4417
5815
5905
5871
5872
4889
2356
14
5448
4875
15
16
17
18
5411
3144
2839
2353
1719
19
3978
5863
21
22
5914
3609
23
4025
24
4668
4042
4043
4044
5090
2432
25
4011
3151
3627
4537
32
33
34
4447
2926
35
5809
36
2515
5138
37
38
3610
3571
39
3944
40
41
3487
3337
5966
5704
1943
5707
3035
3199
3866
42
43
2124
1721
3002
4978
3991
44
2542
5752
3190
4973
2048
2416
3868
4067
3421
5030
4004
4467
2456
5892
2064
45
1722
4588
4590
4594
4596
4598
4599
4600
5082
5967
2492
46
47
5756
5757
5692
48
1723
2773
2854
3031
49
50
51
52
53
2410
2052
4692
2275
4203
2284
55
1724
1725
1944
1985
2247
2261
2543
2631
2787
2831
2878
2959
3053
3055
3077
3149
3279
3293
3335
3562
3667
3680
3703
3945
3946
3983
4023
4028
4126
4291
4325
4339
4528
4563
4679
4689
4710
4763
4780
5046
5068
5111
5112
5452
5536
56
57
5795
58
59
60
63
64
65
66
67
68
69
70
2409
3864
5604
2873
1726
2343
4565
4633
72
73
2512
3061
5144
74
84
3102
75
5954
76
77
78
80
81
5891
1945
5770
2613
3342
3326
82
83
2538
85
2691
4648
5292
86
87
2040
2041
5220
88
2604
3038
3947
1745
3522
89
90
5928
91
93
94
98
95
96
97
3848
99
2125
2383
3649
100
2093
2134
3590
3602
3614
3631
3646
3647
3648
5055
5056
5069
5070
5361
5434
5435
5436
5437
5438
5444
5499
1948
1974
2163
2382
3583
3586
3616
3617
3618
3634
3635
3636
3637
3639
3640
3641
4824
5054
5133
5317
5749
3274
3582
3584
3585
79
101
3993
3374
102
103
104
2060
2061
3140
3317
105
2799
4436
4272
5078
106
2929
5224
108
109
110
111
112
1946
2126
2518
107
113
5659
2746
4456
3673
3698
4848
5702
5094
5103
114
115
1727
4162
116
117
3101
5229
5368
118
119
120
121
3953
3954
5882
2150
2748
2749
122
3417
3006
1728
5923
124
5830
3249
3064
4188
125
127
1729
1730
1731
1732
1733
1735
1736
1739
1740
2188
2189
2197
2235
2304
2523
2664
2665
2741
2780
2851
2871
2872
2903
2946
2978
3004
3012
3014
3015
3060
3085
3124
3168
3297
3302
3450
3495
4015
4526
4567
4569
4570
4574
4634
4658
4697
4720
4946
5142
5149
5210
5398
5399
5406
5491
5517
5518
5531
5541
5544
5554
5566
5629
5724
5727
1734
2187
5782
128
129
3490
130
131
3700
4075
4929
132
5484
5876
133
134
2065
2066
2818
136
2824
5470
5471
4037
137
2477
138
3009
139
140
2587
2889
3666
3829
4310
4717
4718
4864
4867
2160
1949
2737
2788
5215
2037
141
142
143
145
146
147
3027
148
149
150
3826
151
152
2144
4475
153
154
2736
4163
155
3456
2161
3418
156
157
158
159
3507
2601
5929
3933
160
161
162
163
164
4508
165
166
167
1741
4478
168
169
170
1742
1950
2830
4266
4361
4726
4727
4728
4729
4730
4731
4732
4733
4734
4735
4736
4737
4770
4771
4772
4773
4774
4775
4776
4777
4778
4802
4803
4804
4805
4813
4792
4794
4795
4796
4797
4798
4799
4800
171
172
173
174
175
5611
5640
3950
4945
4882
4883
3228
4375
176
5591
3676
4128
4129
177
4335
3716
4387
178
4448
4451
1951
179
1743
180
181
182
183
4907
1744
184
185
3655
3813
3839
4765
5717
5718
5720
186
3964
4829
5297
5372
187
2652
4104
4105
4457
2755
3925
3985
4376
5884
188
1746
189
3544
4111
4112
4145
5322
5433
5973
5466
190
2376
5092
3161
3162
1747
191
2475
3005
5205
2123
193
194
195
5561
196
197
198
2378
199
3446
5236
5338
5346
5641
200
201
202
4219
4874
203
3620
4340
5934
5986
5998
4354
204
5996
2659
3034
2837
5354
4045
5422
3043
205
2707
3157
4558
5099
5100
2364
2354
3036
4962
1748
4445
206
207
208
209
2358
1749
3569
210
211
2081
3354
3797
3798
4532
212
2568
214
2833
2611
215
2245
5719
1952
216
5418
217
4500
4040
3711
5241
218
5903
219
221
222
223
3540
3542
5305
3543
4087
4885
4452
224
5019
2495
4083
225
1750
4819
4014
226
227
228
229
230
231
232
233
234
235
236
237
238
239
2391
2395
240
2496
3319
3414
4646
4820
4909
5628
4212
241
1751
1953
2199
2202
2297
2398
2399
242
243
244
245
247
248
249
251
2770
2771
3216
3217
3284
3332
3333
3340
3965
4130
4666
4816
4821
5596
5726
250
246
3452
2817
3521
2063
2993
3080
3400
5859
5860
252
2067
2068
2069
253
5625
5994
1752
5766
4370
2842
2843
4089
4090
4091
4092
4093
4094
5950
5951
5952
5953
1753
254
255
5242
4760
5922
2355
256
2360
5822
5780
257
3974
2585
258
4412
5556
259
3074
2451
260
3172
3323
3460
3461
3462
3463
3464
3465
3466
3467
5472
3159
3163
3164
4549
5217
3193
2479
2480
261
262
263
264
265
4449
3951
266
267
1754
268
3018
3049
269
270
5057
271
4135
4136
4847
272
273
3769
274
2710
4384
4853
5120
5121
275
5110
5196
276
2133
3336
3695
4289
277
3863
4463
4470
4495
278
279
3404
5023
5024
5280
3548
2596
280
3384
281
4506
3955
2392
2411
2412
2413
282
2838
3589
3924
2463
283
284
285
286
287
288
3520
3803
3831
3920
3921
3922
4608
5324
289
5758
290
3263
1755
291
292
4640
4641
4616
293
294
295
296
297
4151
2281
2280
3923
298
3823
5355
5357
5477
3316
4546
300
3152
4483
4545
2454
2120
5978
301
5931
4389
4390
4391
3298
4700
4071
4939
3919
5619
3546
2970
302
303
304
305
3046
306
2254
2697
4012
307
308
2079
2095
2096
2765
2768
2769
2835
309
310
3622
3684
3685
3686
3687
3688
3689
3690
3691
3851
4147
4148
4155
4156
5319
5332
5743
311
312
4101
313
314
315
316
317
3918
5672
4522
5035
2914
319
2802
320
1756
4968
4970
5680
3383
2624
321
322
4677
323
3917
324
325
3312
5983
326
327
328
329
330
3513
3956
4450
2118
2119
2225
2286
2396
2436
2437
2458
2459
2467
2468
2469
2470
2471
2472
2473
2498
2499
2540
2617
3075
3076
331
4295
4762
5706
5740
5226
5225
2911
3050
3201
2714
332
333
334
5901
1757
3248
4294
5691
335
4279
3992
3994
4034
3408
4575
5942
336
337
338
3652
4482
339
340
341
5696
2983
3538
3662
4320
4473
342
343
5403
3966
4052
344
4949
3778
3150
2122
2566
347
348
4605
4277
349
2277
4267
350
351
4493
5683
5979
2920
3230
352
3555
5972
5263
353
5695
2151
3325
354
355
5595
2101
2102
2103
2582
2621
2622
2638
4750
2973
356
357
3961
4657
5555
2117
358
5584
3137
4360
359
2279
4065
4146
4900
4901
1758
2731
360
3115
5576
363
364
2756
4922
5917
4282
3256
3373
4103
5948
365
366
367
368
2094
2100
2806
2807
2808
2938
2939
3233
3234
3235
3267
3486
369
4209
4224
4225
4226
4859
5127
5350
5351
3232
4459
4602
1759
3554
2490
2274
2670
5862
3364
4121
475
2895
5469
748
5760
5984
2776
370
371
373
3498
3499
2870
2896
2899
4323
5803
5805
1760
2897
3214
1761
374
375
376
3801
3802
3938
3939
3943
3942
377
2035
2510
2511
3011
378
379
4807
5786
380
2062
3120
381
2520
4505
382
383
384
3791
4458
4484
385
5432
5831
3030
386
387
3071
4628
5174
5175
3621
5993
388
2555
2556
3428
4302
4585
4407
4408
4409
4410
3678
3679
3681
4244
4245
3723
3761
3762
4942
390
2267
3897
5131
3663
391
392
393
394
3310
3322
395
396
1762
2082
2083
2140
2534
2971
3067
3138
3147
397
3977
398
399
400
402
403
404
406
4313
4678
5116
405
2992
2890
2944
3935
3936
3937
4003
4944
407
2282
2307
408
409
410
411
2651
4097
4098
4099
5736
4832
4691
412
1763
2419
413
5804
414
415
416
417
2645
2654
4841
4842
2023
3732
3066
3952
2637
2639
2702
3407
418
419
2429
2407
420
2594
2955
2987
2996
3916
421
422
423
424
5608
425
4096
3914
1764
2801
2805
3045
3176
3303
3307
3330
426
427
428
3757
4170
5492
389
429
3915
4171
430
5806
3501
3502
432
433
5776
5850
5851
434
5777
5462
3474
3475
1954
2541
435
5571
436
437
438
439
3931
440
4039
5729
4918
441
1765
3358
442
3547
4316
443
5042
4966
5037
5509
5510
5511
5512
2783
3192
444
5117
5463
5516
5519
2417
3654
4332
3107
3912
3858
2046
4035
445
5912
1766
3949
446
5664
1767
1768
4278
5376
3913
448
4940
5709
4655
2342
2310
2311
2341
4557
5379
3722
2915
3276
2590
2888
3037
449
450
451
452
453
454
455
456
4906
5534
5153
5487
457
3191
458
459
460
461
462
4070
2689
5158
1769
4591
4262
3704
4936
5965
5394
1955
2827
4446
463
464
465
5065
2152
4523
466
3484
467
468
2874
2875
2876
3840
4157
4411
4652
4653
469
4856
4858
5547
470
5313
4866
471
1956
4276
4364
1938
3116
472
473
474
4051
3910
1770
4519
5381
1771
1772
2609
476
5532
3760
2580
2190
4009
3110
3557
3558
3984
4268
4607
4761
477
478
4857
4952
2231
4671
4699
479
480
481
4527
482
5237
3990
483
3911
484
5957
1773
3625
485
486
3260
3290
488
487
2558
4572
489
5879
4095
3926
5058
2051
3113
5375
2517
3301
4207
4725
490
2892
5298
491
4850
492
1774
493
3781
3423
494
4350
4914
4609
1775
495
496
2858
4054
4846
4964
2441
497
498
4791
4793
4751
3056
1776
1777
3644
500
501
502
5583
5915
2500
2503
2960
3338
4876
4877
4878
4879
2620
4418
3443
4576
4579
5579
5666
503
504
505
506
507
508
4491
5981
509
510
511
512
513
3097
3321
1778
514
515
5504
4100
516
1779
4154
3158
4205
3809
517
518
5866
519
3752
5102
2373
520
3265
3457
4169
4520
4975
5540
5826
522
523
2600
2968
3304
4049
1780
2761
524
525
1781
526
527
528
529
530
531
5975
4479
2724
5858
2334
2335
2336
2337
2338
532
4756
533
5971
534
2602
5053
535
536
5106
5253
537
5388
5415
5416
4385
4168
4420
538
539
540
4206
3072
625
1798
4465
626
4665
4610
5694
5021
5281
627
4880
1799
628
3817
629
3908
630
5769
2628
631
632
2080
633
2207
2366
2390
4371
634
1959
1961
2098
2263
2497
2657
2676
2826
2883
2913
2965
3189
3278
3523
3580
3824
4670
4719
5367
5493
635
636
637
638
639
640
641
642
643
644
2348
2584
5560
645
5801
5800
646
647
3976
648
3770
1962
1963
1965
1966
1967
1968
1969
1970
1971
2820
1964
2934
5269
649
5750
650
651
5310
4088
652
653
654
655
656
2504
3052
3204
3269
3859
4048
4347
4348
4349
5497
657
1800
3724
4353
2909
658
659
3599
660
4476
2223
2501
2764
2823
2947
2951
3494
3525
3657
3841
4319
4321
4667
5113
5146
5303
5514
5515
5527
5542
5557
5609
5617
5622
5784
662
663
664
665
666
667
669
670
671
672
673
674
675
4201
5223
668
4062
676
5052
1801
677
3779
3780
678
4489
5312
5334
5124
1802
1803
1804
1805
1806
1807
1808
1810
1811
2091
2251
3051
3065
3517
4752
5308
5490
679
680
681
682
1809
683
684
2660
5208
2252
5085
1604
5457
685
3579
4496
686
2559
2735
3430
3806
3808
4758
5265
5721
687
688
3733
3741
3788
4845
3734
3738
3765
3766
3767
3768
3776
5325
3552
2586
2574
2575
5301
5238
2092
4562
2674
3597
3827
5494
689
561
690
691
4538
4539
5087
4453
692
1973
4378
4377
5685
5689
4644
4701
693
694
695
5212
5302
696
697
2154
4166
5081
5118
5633
698
699
700
701
702
703
2153
4382
4383
704
4583
2078
2798
4915
705
706
707
3252
3472
708
3511
5489
710
711
5568
4861
4865
4085
712
713
714
2804
3195
3196
3210
3324
4211
4815
5256
5389
5673
715
716
717
2044
5050
5051
5990
5991
4543
5178
5239
5320
5431
5947
718
719
720
721
722
723
3480
709
5681
3529
724
725
3449
726
5029
4511
727
5779
728
4552
4974
4486
4010
729
3194
3493
3567
730
731
3103
3213
3402
2516
3220
732
5671
2043
733
4229
4927
4928
2168
3748
2935
2816
3553
3907
5644
734
735
3442
3218
5181
2576
2577
2998
2999
3000
2924
736
737
738
739
5036
1813
5155
740
741
3539
2936
2937
3661
4963
742
3659
4057
4580
5039
2653
2351
5459
4723
4814
2344
4210
5523
5669
2860
3187
3545
743
5300
4818
5982
4639
4759
2236
3471
744
4556
4020
4554
745
4571
746
3313
4550
747
3224
4269
1814
749
750
2367
3857
5326
751
2688
4561
5852
2717
2718
2719
2720
2721
2722
2723
752
5844
1815
4271
5631
753
5898
1816
2114
2859
2948
3468
3575
3847
3906
4175
4507
4560
5136
754
755
5855
3473
5464
2522
2525
3861
2085
5607
1817
756
5041
757
4144
1818
2404
2425
2487
2488
3626
3651
4066
4854
4902
4903
4904
4905
4910
4911
4938
5712
5733
5969
758
759
760
761
3444
5618
762
763
3251
2683
3605
764
3905
765
766
2667
3725
3726
3728
3729
3730
3743
3744
3745
3746
5636
767
768
769
770
771
772
773
774
775
3451
3504
3505
3671
4307
4328
2725
4533
776
777
778
779
3105
3904
4950
4951
5893
780
781
5040
782
783
784
3292
1976
785
3628
786
3109
4647
787
3869
788
789
5097
2673
3999
5251
790
2974
791
5107
5446
1819
792
3093
5449
3155
3566
4073
5974
1820
3518
793
2371
2372
2088
794
795
796
5868
3903
3957
797
798
799
2686
3311
3958
2288
800
801
802
5049
5829
803
805
4721
2916
2967
4637
806
807
2880
4953
4954
808
809
4578
810
5572
811
812
5911
813
814
5771
5886
4283
5705
815
1821
816
817
818
2222
5835
819
2610
820
822
821
4676
2952
4687
5397
3017
2786
5043
823
2616
824
825
5391
826
5768
2922
827
828
829
5765
830
5214
5887
831
832
5503
833
3063
3247
834
3805
5128
1822
1823
1824
1977
2171
2813
2814
2819
3712
4106
4107
4108
4109
4110
4137
4257
4738
4739
4781
4782
4783
4784
4785
4786
4801
4891
4933
4979
4980
4981
4982
4983
4984
4985
4986
4987
4988
4989
4990
4991
4992
4993
4994
4995
4996
4997
4998
5001
5002
5003
5004
5005
5006
5007
5008
5009
5010
5011
5012
5013
5014
5084
5089
5273
5274
5275
5283
5293
5294
835
836
837
838
839
840
841
2931
5083
5284
4342
4702
4179
2708
3294
4480
4481
4494
842
843
3875
3796
1825
2785
3320
4041
4654
5268
5276
2244
5676
844
845
2514
846
847
848
3971
849
3902
850
851
852
1826
853
2703
854
855
2573
5483
856
1827
3244
857
858
1828
4959
4817
859
2481
5271
5865
861
4870
1831
862
2228
2677
1832
3968
863
864
2546
2547
2548
2549
2550
2551
2552
2553
3996
3997
1833
4440
865
5328
866
867
868
869
3901
5606
870
871
872
873
2113
874
4068
2791
3476
3551
4220
5789
3979
5247
3296
3243
1834
2208
2209
2210
2211
2796
3148
4812
876
5919
5267
1829
1830
1978
2055
2322
2323
2324
2325
2326
2327
2328
2329
2855
2856
2857
2861
3174
3175
3180
3202
3479
3576
4198
4199
4200
5173
5176
5240
5412
5413
5522
5647
5649
5667
5670
860
877
878
879
3047
880
881
882
883
5612
884
3362
3413
5203
5163
2884
2932
2957
3898
3536
3537
3563
4024
3899
3900
887
5883
4642
888
889
2745
3516
3865
5295
5296
890
891
892
893
2220
4240
5997
894
2269
2571
3440
5160
3040
3280
895
2852
3568
3604
5243
5244
5246
5337
3658
896
1835
1836
2642
3821
5467
3893
5674
897
898
1837
899
1979
3121
1838
3705
3708
5980
3928
900
901
902
903
3141
904
905
906
5658
5665
907
908
3427
4281
909
910
3645
911
2205
2213
2214
2239
2240
2241
2242
2243
3123
3126
3127
3128
4001
4013
4254
4255
4265
4286
4287
5272
912
913
914
915
4355
916
2700
2994
3453
917
918
919
920
921
2045
2533
5062
923
3650
5227
3981
4047
2930
3291
3615
4256
4259
4261
4264
924
925
5715
5496
926
4669
4899
3401
5949
5955
5456
927
3629
2032
5918
4869
2431
928
5656
5821
1980
1981
929
930
2029
2030
2221
2906
5088
5559
931
932
1839
2792
4079
4080
5219
933
934
935
936
937
5417
5773
938
939
2615
3351
940
5172
4913
941
3895
4351
942
943
3894
5309
5409
944
5728
2963
2649
945
947
948
946
2754
949
4674
4675
2943
3090
2375
4115
4346
4498
5086
3019
950
2502
4022
4027
951
4618
1982
952
953
4690
4306
3896
2273
1840
2669
954
1983
955
2614
4292
956
957
2618
959
960
961
962
4102
4273
4958
963
2361
2377
5690
5834
5907
5840
5841
5839
5679
2097
964
2732
4696
5964
965
3750
2362
3042
2923
3892
4183
966
967
5701
968
4540
2264
969
3117
4019
4241
970
971
4492
972
1841
973
5924
1984
1842
4629
974
1843
1845
1846
975
1844
2259
5946
3816
976
977
2569
2570
978
979
3020
4967
5392
2339
2340
2484
3715
5781
1036
1037
1038
1039
1040
1042
2450
2647
2672
2747
2828
2893
2894
2953
3057
3058
3059
3098
3577
3814
3842
4158
4296
4297
4312
4317
4329
4662
4707
4835
5426
5428
5657
5703
1041
2627
4839
4840
5382
1043
3188
3200
1044
2393
4976
1045
1046
1047
5999
1048
2927
3435
3436
1049
1050
1051
1052
1053
1054
3986
1055
1056
3795
1852
1057
1058
1059
1060
1061
1062
1063
1065
1066
1067
1068
1069
1070
1071
1072
3612
1073
2430
3211
3497
3891
5031
4031
3581
2632
1074
1075
1076
1077
1853
2137
3132
3185
3318
5380
5552
5580
1078
1079
2972
2977
4208
5878
4142
1080
1081
3048
5015
3108
5747
1082
1083
4318
4327
4844
3804
4741
4747
4862
5393
5910
5170
5171
5185
5188
5189
5191
5209
5262
5339
5340
5341
5342
5343
5344
1854
5369
2233
1855
1947
3241
2318
1084
1085
3146
2365
4680
5204
3271
3694
4165
5688
3145
1087
1086
3862
2285
1088
5730
5731
2898
1089
1090
1091
1092
5211
1093
2554
2027
1094
1095
5027
5299
1096
1097
2331
2332
1099
1100
1101
1102
1103
1105
1106
1107
1108
1109
1110
1111
1112
1113
1114
1115
1116
1117
1118
1119
1121
1122
1123
1124
1125
1126
1127
1856
1857
1858
1987
1988
1989
1990
1991
2024
2025
2026
2086
2089
2105
2110
2201
2232
2276
2283
2312
2330
2400
2401
2486
2565
2606
2607
2744
2781
2794
2795
2809
2810
2811
2812
2841
2866
2867
2868
2988
3023
3024
3025
3026
3084
3088
3095
3261
3262
3266
3286
3458
3459
3491
3574
3653
3656
3660
3799
3800
3828
3830
3833
3834
3835
3836
3837
3838
3844
3845
3846
3870
4058
4059
4077
4160
4164
4176
4181
4189
4191
4197
4216
4217
4218
4288
4305
4311
4322
4334
4437
4438
4551
4638
4659
4660
4711
4712
4713
4714
4810
4811
4830
4855
5139
5140
5148
5186
5190
5192
5194
5197
5198
5199
5200
5201
5202
5248
5286
5287
5311
5327
5329
5330
5333
5423
5424
5425
5498
5505
5506
5508
5513
5520
5525
5528
5529
5537
5538
5539
5545
5546
5553
5562
5569
5570
5577
5578
5581
5582
5586
5588
5594
5598
5599
5600
5603
5610
5621
5623
5624
5626
5627
5632
5635
5637
5638
5643
5648
5652
5654
5663
5678
5725
5737
5785
5790
5793
2227
1104
2158
2196
2157
2289
1128
804
2591
3448
1860
5378
1129
1130
1131
3003
3273
3275
3285
5231
5968
3541
2705
4694
4695
1132
4056
5377
5486
5874
1133
5895
5836
4925
3740
1134
1135
1136
1861
2270
1137
2656
2694
5792
2917
2603
5101
1138
1139
5802
5465
1863
1140
1141
1142
1143
5755
1144
1145
5589
2507
1146
5405
5289
4740
5353
2234
2246
2248
2262
2293
2295
2298
2346
2347
4513
4514
2300
1147
2444
2111
5799
2406
4231
2592
1148
3771
1149
5774
4133
4503
2907
2908
3531
1864
3346
2578
2581
1152
5147
5653
5026
5356
1153
1154
4886
5277
1155
4487
5161
5179
3749
4086
1993
3959
5767
3503
2849
5164
5169
2056
2057
2058
1156
1157
2059
1158
4682
4849
1159
3432
3433
5358
5682
5867
5047
1160
3890
1161
1162
1163
1994
5551
1164
3506
1165
1166
1168
1169
1170
1171
1172
1173
1174
1175
1176
2349
2423
4573
4683
5925
4921
2918
3434
1177
2489
4753
3549
1178
1179
2483
4141
2257
1180
1181
1182
2579
3789
3807
2054
1183
1865
4185
4490
5976
4531
2169
2433
4131
5408
2203
3375
3350
4078
1184
1185
2424
5032
3133
2829
2528
3560
2572
5278
1186
1187
1188
1189
1190
1191
4592
2597
2599
1192
1866
1193
2357
3818
5129
5022
5958
1867
2506
5455
1194
1195
1196
1197
1198
1201
1202
1868
2139
4893
4895
4896
4898
1199
1203
3222
3888
5885
3623
4434
1204
2191
3889
4643
2715
5348
2434
5945
1869
1205
1206
1207
1208
4706
5454
1209
1210
1211
1212
1213
5252
3777
1214
5615
3811
1215
2418
5550
1216
1217
1870
2381
2414
2531
3445
4541
4645
2485
1218
2426
4971
1219
1220
1221
5104
5846
5847
1222
1223
4324
1224
3229
3255
1225
5819
3717
1226
1227
3283
5045
1228
1229
1230
1231
1232
2757
2758
2832
3010
3238
3305
3306
5614
5828
1233
1871
5075
1234
2112
3177
1235
5141
4611
4934
4935
1872
1236
2272
1237
4386
2836
3277
3578
3713
2265
1238
1239
1240
1241
1242
1243
1244
2698
1995
1245
1246
4917
1247
4754
4755
1248
1249
3860
5335
1250
1251
1252
1253
2149
1254
4471
2979
3786
1873
5261
2226
1255
1256
2750
2751
2752
1257
1258
1259
1260
2529
3028
3469
3815
1261
1874
1262
1263
5285
1264
1939
2249
4017
5574
5048
1265
2961
4421
4428
4002
1266
1267
1875
2513
3532
4656
5563
3237
1268
5812
5813
5814
1269
2408
4766
1270
1271
1272
1273
1274
1275
1276
1277
1278
5366
1279
1280
4274
4999
5000
5401
4038
5811
1281
1282
1283
1284
2680
1285
1286
1996
2982
4684
4705
5123
3044
1287
3887
4373
2734
1288
3347
1876
1877
1878
1289
1290
1291
1292
4182
2224
2782
1293
2145
5044
3793
1295
1296
2305
4708
3259
1297
2508
1298
5936
5738
1299
2588
1879
2452
2453
2464
2465
2466
2530
4868
5748
2397
1300
1301
2448
3328
3329
3334
4074
2143
4892
4884
1302
2229
2853
4173
4685
5222
5349
5524
5549
2629
1303
1304
1306
3203
3357
3380
3397
4232
4439
5109
5162
5167
5264
1880
1881
1882
1307
1308
2073
3787
1883
3359
3387
3409
1309
1310
2696
5900
2215
2641
5282
6000
5182
3424
5038
4069
4808
2532
2682
3331
5254
1312
1313
1314
1315
1316
1317
1318
2509
5098
2476
3437
1319
1320
2800
4192
2766
3226
4441
5374
2663
2567
1321
3969
3854
1322
3455
2704
1323
1324
3208
3270
5245
1325
1326
4455
1327
1328
1329
1997
2155
2564
2772
3082
3083
3086
3111
3171
3186
3197
3341
3527
4016
4396
4413
4414
4825
5119
5735
5739
2156
2350
3967
1331
3934
1330
3169
3852
1998
3856
2709
3339
1975
3079
1332
1333
1334
2519
5778
5941
1335
3112
1884
5693
4435
5290
2790
5093
5095
4195
4196
1336
2625
2684
1337
3570
3792
4270
1339
1340
2439
2440
4941
4948
2164
1338
2438
5402
1341
1342
1343
1344
1345
2822
2912
1346
5500
1347
1348
3594
1349
1350
1351
1352
1353
2380
2482
2633
2692
3348
3353
3674
3696
3721
4341
4357
4517
4518
4544
5331
5677
5732
3683
1354
1355
1356
5713
5207
1357
4524
3884
3885
5870
1885
2387
5154
3624
2678
1358
1359
4908
4134
4143
5233
5336
5837
4472
1360
1361
3033
5906
1362
4032
1363
1364
1365
5902
3825
5130
1366
1367
5899
5684
1368
1369
3886
5875
1370
1371
1373
1999
2142
2303
2563
3272
4018
4764
5365
5716
2313
2314
4709
4174
4443
4258
2422
3720
1375
1376
1886
1887
1888
1889
2359
5034
1377
4330
1378
4064
1379
1380
1381
4916
2778
1382
1383
1384
1385
1890
2308
2345
1386
1387
3041
5447
3783
3785
2636
1388
4460
1389
2775
4193
2687
4509
4672
4673
5307
5753
1390
2000
2001
4525
3850
3882
1892
1391
3973
4204
5221
1893
3382
5137
4454
1392
3021
2995
5675
5590
1393
1394
1395
3482
3483
5963
1396
1397
1398
1399
3832
4008
2954
5370
1400
1401
1402
1403
5920
5825
1404
1894
3431
1405
1406
1407
1408
1409
5345
1410
1411
2002
1412
5395
5970
4379
4380
4381
1413
3643
1414
1415
1416
1417
1418
1419
1420
1421
1895
2003
3078
3081
3122
3125
3327
3508
3509
3550
3714
3819
3963
4159
4630
4650
5183
5400
5482
5564
5585
5592
5593
5597
5650
5722
3638
2230
1422
1423
1424
1425
1426
4367
1427
1428
1429
2106
2443
2445
2446
2449
3349
3478
3524
4190
4308
4582
5533
5708
5723
1430
1431
2050
2774
3606
1896
1897
3008
1432
1433
1434
1435
1436
1437
1438
2004
1439
5833
1898
1440
3514
4534
3706
1441
2846
3481
4187
2253
1442
1443
1444
2455
1899
3665
4315
2545
2005
3231
3377
3512
1445
3073
1446
1447
1448
3119
3139
5213
1449
4822
4823
4826
3883
3344
1450
2753
1451
2074
2319
2320
1452
5827
3561
1453
3782
3736
1454
2462
4577
1455
5216
1456
1457
2493
3104
4423
5558
2006
1458
4742
4743
4744
4745
4746
4581
4194
2742
2589
1459
2491
3246
1460
1461
2007
1462
4923
5687
1463
4050
1464
1465
1466
3069
3282
3092
1467
1468
1469
2975
1470
1471
4356
2200
3096
1472
2415
2402
3975
1473
1474
5937
1475
1476
3001
3184
4304
4828
4860
4228
5754
1477
3998
1478
1479
1605
3489
5820
1901
2008
2009
1481
1482
3253
2984
3880
3881
5105
4704
4768
1483
3587
3600
3601
3632
5134
5318
5360
5439
5440
5441
5442
5443
1484
1485
2834
1486
2544
2521
3352
4827
2457
1487
1488
3879
2557
1489
4415
4564
5787
5881
1490
3206
5764
5932
5933
4061
4584
3134
3135
5232
1491
1492
1493
1494
2130
2862
2864
3356
3363
3365
3366
3370
3371
3378
3379
3389
3390
3573
5152
5165
5166
5168
5791
5744
3960
2405
2420
2421
3205
2789
4536
5453
2194
2388
1495
4497
4499
1496
1497
1498
1499
1500
1501
2121
2128
2219
2716
2863
3173
3178
3179
3181
3182
3183
4202
4213
4214
4221
4222
4223
4303
2129
5896
1502
1503
2442
5071
5072
5073
5074
1504
1505
2985
4369
4139
1506
1507
1903
2784
2881
3388
3391
3411
4233
4234
4235
4236
4237
4238
4239
1902
1508
2127
2315
5668
1904
1509
2699
1510
1905
2217
1511
2389
1512
3153
3154
1513
1514
5259
4649
5543
1516
1906
3254
4956
5746
1515
2869
1517
5260
5288
1518
1519
5060
5063
5064
1520
1521
1522
1526
1523
4501
4502
1527
1528
4285
2759
2760
1530
2299
2306
2278
1529
2301
4184
1531
5195
2010
3198
4400
4401
4402
4403
4404
4405
4406
4586
4632
4635
4651
5655
5992
1532
1533
1534
1535
3114
3488
3500
3598
3611
4432
4631
4664
4715
5132
5530
5613
2131
3492
3315
1537
1907
2238
2726
4252
1538
2180
2181
2182
2183
2184
2679
1539
1540
1908
2076
2077
3564
5067
3810
4177
3559
3988
2885
2321
2695
3257
3878
4593
3429
4072
4007
4474
5410
3812
1541
1542
4374
4469
1543
2135
4033
1544
2668
1545
1546
2478
1547
1909
1910
3682
4555
2403
2132
1548
1911
4477
5184
3619
1549
1912
1550
1551
1552
1553
2053
2108
2526
1554
1555
5159
1913
1914
3236
5420
5421
1556
3709
3710
5700
3309
3215
1566
3100
3242
3245
1567
1568
1569
1570
1571
1916
2099
2825
2877
2886
2940
2958
3477
1572
2104
2173
1573
2011
2107
2658
5125
5741
1574
1575
2296
5384
5488
1576
1577
2644
3591
1578
3607
1579
4559
3209
4076
5939
5940
5943
5995
4686
5250
3288
2216
4138
4260
4547
2428
2605
3874
3876
3940
4969
2941
5077
1580
3630
4636
2779
1581
1582
1583
2147
2882
3849
4290
5849
1584
2685
3603
3872
1585
2460
2012
4932
3425
4444
4006
5177
5495
1586
1587
4873
5818
5857
2598
4338
1588
1557
1558
1559
1560
1561
1562
1563
1564
1565
1915
2013
2250
2461
2561
2562
2887
2891
2986
2990
3087
3091
3094
3672
4426
4566
4661
4688
4834
4521
1589
1590
1917
5848
3668
3613
1591
1592
3871
4512
1593
1595
2159
2848
3016
3426
3496
3528
3596
3853
4026
4433
4603
5108
5429
5445
5620
1594
5507
1596
1597
1598
2212
1599
1600
1919
2394
3422
5772
2014
1601
2287
2302
5816
5880
5938
5091
3295
4030
2743
4021
5193
5352
1606
3470
5894
1607
5775
1608
1609
1610
3510
4442
1611
1602
1603
2921
2945
3675
3702
4398
4587
5501
2271
2266
1612
2090
5371
5989
1613
1614
4358
4359
1615
1616
2865
3287
4036
5567
3415
2661
1617
1920
1618
1921
3927
4368
5697
1619
5386
1620
3989
5956
5230
3790
3403
2167
1621
2165
2198
2255
4029
4604
2256
4301
2087
1623
1625
2733
1622
1624
1922
1626
5270
1627
1628
1629
1630
1631
2175
3099
3412
4055
4397
4399
4716
5114
5122
5314
4871
1632
1633
2966
3515
5988
5889
2021
1634
2022
5430
5156
1636
1637
2015
4535
5218
5316
4246
1638
1639
1640
1923
2162
3227
4215
5151
1641
2728
1642
2016
2017
3731
1643
1644
1645
3406
4597
1646
1647
3519
3526
3699
4331
4943
5306
5347
5468
5473
5478
5479
5634
1648
1649
1650
1651
5651
5660
5661
5662
1652
2595
1653
1654
3419
3420
1655
1656
1657
1658
1659
1660
1661
1662
1663
1665
1666
1925
1926
1927
2020
2435
2643
2666
2762
2767
3039
3170
3250
3268
3360
3361
3367
3368
3372
3376
3392
3393
3394
3395
3396
3405
3843
4186
4663
5079
5573
5711
5714
2148
1664
2109
4888
5187
1667
4230
1668
1669
4046
3089
5235
5575
2018
1670
1671
1672
1674
3221
5977
1934
1935
1936
1937
2706
3794
4178
1676
3441
3873
2316
4485
1677
1928
1678
3345
3972
2738
2739
2740
1679
4960
4612
4912
3160
4082
1680
1681
1682
1683
1684
1685
2919
1929
1930
1931
3416
1686
5480
2901
3962
1687
2630
5698
1688
1689
1690
2185
3727
4247
4248
4249
4250
4251
2583
1691
1692
2368
1693
1694
4337
2593
4488
1695
1696
1697
1698
1699
5890
2218
1700
3129
2527
4681
3565
4466
2942
4161
1701
1702
5877
2317
5180
5255
5373
5699
1703
1704
4619
4620
4621
4622
4623
4624
4625
4626
4627
5935
1705
4422
4468
5817
3007
4809
1706
3970
5390
1932
5323
4429
2608
1707
2964
3664
2956
5535
5362
2192
2193
4461
4757
1708
2626
1709
1710
2537
1711
3106
1712
3355
3386
3454
1713
1714
1715
1716
1717
2166
2900
5359
5076
6002
6003
6004
6010
6005
6006
6007
6008
6009
6012
6011
6013
6014
6015
6016
6017
6020
6021
6022
6018
6019
6023
6024
6025
6026
6027
6028
6029
6031
6030
6032
6033
6034
6035
6036
6037
6038
6039
6040
6041
6042
6043
6044
6045
6046
6047
6051
6048
6049
6050
6052
6053
6054
6055
6056
6057
6198
6207
6206
6205
6204
6203
6202
6201
6200
6197
6196
6195
6194
6193
6192
6190
6191
6189
6188
6187
6186
6185
6184
6183
6182
6181
6180
6179
6178
6177
6176
6175
6174
6173
6172
6171
6170
6169
6168
6167
6166
6165
6164
6163
6162
6161
6160
6159
6158
6157
6155
6156
6154
6153
6152
6151
6150
6149
6148
6147
6146
6145
6144
6143
6141
6140
6139
6138
6137
6136
6135
6110
6134
6132
6133
6131
6130
6129
6128
6127
6126
6125
6124
6123
6122
6121
6120
6119
6118
6117
6116
6115
6114
6113
6112
6111
6109
6108
6088
6107
6106
6105
6104
6103
6102
6101
6100
6099
6098
6097
6094
6095
6070
6093
6092
6091
6090
6089
6087
6086
6085
6084
6083
6082
6081
6080
6079
6078
6077
6076
6075
6074
6073
6072
6071
6069
6068
6067
6066
6065
6064
6063
6062
6061
6060
6059
6058
6235
6234
6233
6232
6231
6230
6229
6228
6227
6226
6225
6224
6223
6222
6307
6306
6305
6304
6302
6298
6297
6296
6295
6294
6293
6292
6290
6291
6301
6238
6300
6299
6275
6247
6246
6245
6237
6244
6236
6243
6242
6241
6255
6240
6239
6254
6253
6252
6251
6250
6249
6248
6264
6263
6262
6261
6260
6256
6257
6258
6259
6279
6278
6277
6276
6274
6273
6272
6271
6270
6269
6268
6267
6266
6265
6289
6283
6284
6285
6286
6287
6288
6281
6280
6220
6219
6218
6217
6214
6210
6209
6208
6309
6310
6311
6312
6313
6314
6315
6316
6317
6321
6322
6323
6324
6325
6326
6327
6328
6443
6329
6330
6331
6332
6333
6334
6335
6336
6318
6319
6320
6337
6338
6339
6340
6341
6342
6343
6344
6345
6346
6347
6348
6349
6350
6351
6352
6353
6354
6355
6356
6357
6359
6360
6361
6362
6363
6364
6365
6366
6367
6368
6369
6370
6371
6372
6373
6374
6375
6376
6377
6378
6379
6380
6381
6382
6383
6384
6385
6386
6387
6388
6389
6390
6391
6392
6393
6394
6395
6396
6411
6397
6398
6399
6400
6401
6402
6403
6404
6405
6406
6407
6408
6409
6358
6413
6414
6415
6416
6417
6419
6420
6421
6422
6423
6424
6425
6426
6427
6428
6429
6430
6431
6432
6433
6434
6435
6436
6437
6438
6439
6440
6441
6442
6444
6445
6446
6447
6448
6449
6450
6451
6452
6453
6454
6456
6457
6458
6459
6460
6461
6462
6463
6464
6465
6466
6467
6468
6469
6470
6471
6472
6473
6474
6475
6478
6485
6505
6507
6510
6511
6512
6514
6515
6516
6518
6519
6521
6523
6524
6526
6527
6529
6533
6535
6536
6539
6541
6544
6546
6547
6548
6549
6561
6562
6564
6567
6568
6569
6570
6573
6574
6575
6576
6580
6581
6584
6586
6308
5206
2840
13
26
28
29
31
92
126
346
541
542
543
544
545
546
547
548
549
550
551
552
553
555
556
557
558
559
560
562
563
564
565
566
567
568
569
570
571
572
573
576
577
578
579
580
30
27
581
582
583
584
585
586
587
588
589
590
591
592
593
2268
5385
5475
1942
2309
5266
5407
5383
54
61
62
3747
1941
3822
2474
2494
2386
4419
3759
2258
4280
345
4362
4363
2727
4365
2385
2845
1720
2634
123
135
2635
2713
4424
2384
599
3032
1918
3289
3763
2729
2675
2847
4601
4838
3751
4425
4416
4431
4343
4344
600
601
602
603
604
605
606
607
608
609
594
595
596
597
598
610
612
611
613
614
615
616
617
618
619
620
621
622
623
624
980
981
983
982
984
985
986
213
220
987
988
989
990
299
318
362
447
499
991
992
993
994
995
996
997
998
999
1000
574
575
886
1001
1002
1003
1004
1006
1007
1008
1009
1010
1011
1012
1013
1014
1015
1016
1017
1018
1019
1020
1021
1022
1023
1024
1025
1026
1027
1028
1029
1030
1031
1032
1033
1034
1035
1782
1783
1784
1785
1786
1787
1788
1789
1790
1791
1792
1793
1794
1795
1796
1797
1064
1305
1847
1848
1849
1850
1851
1933
1862
1900
1957
1958
2019
2028
2042
2047
2049
2071
2072
2136
2138
2141
2170
2176
2177
2178
2179
2186
2195
2204
2206
2260
2292
2294
2333
2352
2374
2447
2505
2524
2535
2536
2539
2560
2612
2640
2646
2648
2650
2655
2662
2671
2681
2690
2693
2619
2701
2711
2712
2730
2763
2777
2793
2797
2821
2844
2850
2879
2905
2928
2933
2950
2969
2976
2980
2989
2997
3022
3054
3029
3062
3068
3070
3118
3130
3131
3142
3143
3165
3166
3207
3219
3223
3225
3239
3240
3167
3264
3258
3314
3343
3381
3385
3398
3399
3410
3438
3439
3447
3485
3533
3535
3572
3588
3592
3593
3595
3608
3633
3642
3670
3677
3692
3693
3697
3701
3707
3718
3719
3735
3737
3753
3742
3754
3755
3756
3764
3758
3772
3773
3774
3775
3784
3855
3909
3930
3941
3982
4000
1986
4298
5639
5842
5843
4779
4132
4120
4119
4118
4149
5913
5115
5853
4516
4595
4606
5916
5926
5845
5904
4504
4955
4462
5794
4542
4703
4836
5908
5257
5734
5854
4843
4961
4698
4833
4464
5481
4831
5864
4275
4722
5832
5873
5838
5686
5020
5861
4127
4152
5461
4887
4153
4060
5587
4167
4388
5521
4920
4787
4806
4788
4789
5419
4790
5788
5759
4345
5028
4117
4263
5476
5710
4005
4366
5150
4931
4617
5364
5249
5485
5742
4309
4122
4123
4124
4125
4114
4113
4352
4336
4299
4140
4063
4872
4300
5321
4053
5061
5987
5427
5414
5387
5017
5807
5810
4881
5396
5763
5745
4965
4926
4243
4242
4116
4890
4924
5066
5458
4372
5751
5645
5646
5145
4084
5808
5959
5960
5961
5962
5985
4930
4748
5450
5291
5460
5944
5921
4284
4515
5304
5888
4150
5059
5909
5157
5869
4326
4568
4937
4972
5796
5797
4724
5033
4769
5018
4293
5025
5927
5856
2363
5762
5761
5126
5502
5363
4977
5526
5474
5096
5016
5234
5258
5565
4837
4548
5798
4180
5616
5135
4333
6001
6142
6199
6221
6282
6552
6558
6559
6595
6596
6597
6598
6599
6600
6601
6602
6603
6604
6605
6606
6607
6608
6609
6610
6611
6612
6613
6614
6615
6616
6617
6618
6619
6620
6621
6622
6623
6624
6625
6626
6627
6628
6629
6630
6631
6632
6633
6634
6635
6636
6637
6638
6639
6640
6641
6642
6643
6644
6645
6646
6647
6648
6649
6650
6651
6652
6653
6654
6655
6656
6657
6658
6659
6660
6661
6662
6663
6664
6665
6666
6667
6668
6669
6670
6671
6672
6673
6674
6675
6676
6677
6678
6679
6680
6681
6682
6683
6684
6685
6686
6687
6688
6689
6690
6691
6692
6693
6694
6695
6696
6697
6698
6699
6700
6701
6702
6703
6704
6705
6706
6707
6708
6709
6710
6711
6712
6713
6714
6715
6716
6717
6718
6719
6720
6721
6722
6723
6724
6725
6726
6727
6728
6729
6730
6731
6732
6733
6734
6735
6736
6737
6738
6739
6740
6741
6742
6743
6744
6745
6746
6747
6748
6749
6750
6751
6752
6753
6754
6755
6756
6757
6758
6759
6760
6761
6762
6763
6764
6765
6766
6767
6768
6769
6770
6771
6772
6773
6774
6775
6776
6777
6778
6779
6780
6781
6782
6783
6784
6785
6786
6787
6788
6789
6790
6791
6792
6793
6794
6795
6796
6797
6798
6799
6800
6801
6802
6803
6804
6805
6806
6807
6808
6809
6810
6811
6812
6813
6814
6815
6816
6817
6818
6819
6820
6821
6822
6823
6824
6825
6826
6827
6828
6829
6830
6831
6832
6833
6834
6835
6836
6837
6838
6839
6840
6841
6842
6843
6844
6845
6846
6847
6848
6849
6850
6851
6852
6853
6854
6855
6856
6857
6858
6859
6860
6861
6862
6863
6864
6865
6866
6867
6868
6869
6870
6871
6872
6873
6874
6875
6876
6877
6878
6879
6880
6881
6882
6883
6884
6885
6886
6887
6888
6889
6890
6891
6892
6893
6894
6895
6896
6897
6898
6899
6900
6901
6902
6903
6904
6905
6906
6907
6908
6909
6910
6911
6912
6913
6914
6915
6916
6917
6918
6919
6920
6921
6922
6923
6924
6925
6926
6927
6928
6929
6930
6931
6932
6933
6934
6935
6936
6937
6938
6939
6940
6941
6942
6943
6944
6945
6946
6947
6948
6949
6950
6951
6952
6953
6954
6955
6956
6957
6958
6959
6960
6961
6962
6963
6964
6965
6966
6967
6968
6969
6970
6971
6972
6973
6974
6975
6976
6977
6978
6979
6980
6981
6982
6983
6984
6985
6987
6988
6989
6990
6991
6992
6993
6994
6995
6996
6997
6998
6999
7820
7001
7002
7003
7004
7005
7006
7007
7008
7009
7010
7011
7012
7013
7014
7015
7016
7017
7018
7019
7020
6418
6303
6410
4172
6216
6215
6213
6212
6211
7021
7022
7000
3013
7024
7025
7026
7027
7028
7029
7030
7031
7032
7033
7034
7035
7036
7037
7038
7039
7040
7041
7042
7043
7044
7045
7046
7047
7048
7049
7050
7051
7052
7053
7054
7055
7056
7057
7058
7059
7060
7062
7063
7064
7065
7066
7067
7068
7069
7070
7071
7072
7073
7074
7075
7076
7077
7078
7079
7080
7081
7082
7083
7084
7085
7086
1294
7087
7088
7089
7090
7091
7092
7093
7094
7095
7096
7097
7098
7099
7100
7101
7102
7103
7104
7105
7106
7107
7108
7109
7110
7111
7112
7113
7114
7115
7116
7117
7118
7119
7120
7121
7122
7123
7124
7125
7126
7127
7128
7129
7130
7131
7132
7133
7134
7135
7136
7137
7138
7139
7140
7141
7142
2822
2094
2084
2086
2102
2072
2073
2129
43
218
3415
3420
2278
1953
2130
3275
1017
226
3414
228
3409
4251
1951
1019
981
1016
3203
44
40
642
52
1031
1981
3075
4311
3102
3101
3258
4333
1
2
7
3
4
6
5
8
9
10
11
12
15
17
18
19
20
21
22
23
24
25
26
27
28
29
30
31
32
33
34
35
36
37
38
39
41
42
45
46
47
48
49
50
51
52
53
54
55
56
57
58
59
60
61
62
63
64
65
66
4334
67
68
69
70
71
72
73
4335
74
75
76
77
78
79
81
80
82
83
84
85
87
3406
88
89
90
86
92
93
94
95
97
96
98
99
100
101
102
103
104
105
106
107
183
108
109
110
111
112
113
114
115
116
117
118
119
120
121
122
123
124
125
126
127
128
129
130
131
132
1344
133
135
136
137
4300
138
139
140
141
142
143
144
145
146
147
149
148
150
151
152
153
154
155
157
158
159
156
160
161
162
163
164
165
166
167
168
169
170
172
173
174
175
176
177
178
179
180
181
182
184
185
186
187
189
188
191
190
192
192
193
194
195
196
197
198
200
199
201
202
203
204
206
234
236
233
232
235
237
238
239
240
241
242
243
244
245
246
249
247
248
265
250
251
252
253
254
255
256
257
258
3816
259
260
261
262
263
264
207
210
213
214
217
220
222
225
230
231
227
208
223
224
267
266
268
269
270
271
274
275
276
277
278
4336
4312
4313
4337
4338
279
280
294
281
282
283
284
285
286
287
288
289
290
291
292
293
295
296
298
299
300
301
302
303
304
305
306
307
308
309
320
327
328
329
330
331
333
332
334
335
336
337
338
339
340
311
312
314
317
318
319
325
326
323
324
321
322
341
342
343
344
346
345
347
348
349
350
351
352
353
354
355
356
357
358
359
360
361
363
364
365
366
367
368
369
370
371
372
373
374
375
376
377
378
379
380
381
382
383
384
385
386
387
389
388
388
390
391
392
393
394
395
396
397
398
399
400
401
402
403
404
405
406
407
408
409
410
411
412
413
414
415
416
417
418
419
420
421
422
423
424
425
426
428
427
429
430
431
432
433
439
434
435
437
436
438
437
440
443
441
442
444
4340
445
446
447
448
449
450
451
452
453
454
455
456
457
458
459
460
461
462
463
464
465
466
467
468
469
470
471
472
473
474
475
476
477
478
479
480
481
482
483
484
485
486
487
488
489
490
491
492
493
494
495
496
497
498
499
500
501
502
503
504
506
507
508
509
510
511
512
513
514
515
516
517
519
520
521
522
523
524
525
526
527
528
529
530
531
532
533
534
535
536
537
538
539
540
541
542
543
544
547
545
546
548
549
550
551
552
553
554
555
556
557
558
559
560
561
562
563
564
565
566
567
568
569
570
571
572
573
574
575
576
577
578
579
580
582
583
581
584
585
587
586
592
593
594
595
596
597
598
599
600
601
602
603
604
605
606
607
608
609
610
611
588
589
591
612
613
614
615
616
617
618
619
620
621
622
623
624
625
626
627
628
629
631
630
632
633
634
635
636
638
639
640
641
643
644
645
646
647
648
649
650
4347
4352
651
652
653
654
655
656
657
658
659
660
661
662
663
664
665
666
667
668
669
670
671
672
673
674
675
676
677
678
679
680
681
682
683
684
685
686
687
688
689
690
691
692
693
694
695
696
697
698
699
700
701
702
704
715
705
706
707
708
709
710
711
712
713
714
716
717
718
719
720
721
722
723
724
725
726
727
728
729
730
731
732
733
734
735
736
737
738
739
740
741
743
744
745
742
746
747
748
749
750
751
753
755
754
756
757
758
759
760
761
762
763
764
765
766
767
768
769
770
771
772
773
774
775
776
777
778
779
780
781
782
783
784
785
786
787
788
789
790
791
792
793
794
795
796
797
798
799
800
801
802
803
804
805
806
808
809
810
811
812
813
814
815
816
817
818
819
820
821
822
823
824
825
826
827
828
829
830
831
832
833
834
835
836
837
838
839
840
842
841
843
846
844
845
847
848
849
850
851
852
853
854
855
856
857
858
859
860
861
862
863
864
865
866
867
868
869
870
871
873
874
872
875
876
877
878
880
882
884
885
886
887
888
890
891
892
893
894
895
896
898
899
900
901
902
903
905
904
906
907
908
909
910
911
912
914
915
916
917
918
919
920
921
922
923
924
925
926
927
928
929
930
931
932
933
934
935
936
937
938
939
939
941
942
943
944
947
945
946
948
949
950
951
952
954
955
956
957
958
959
960
961
962
963
964
965
966
967
969
968
970
971
972
973
974
975
976
977
978
979
980
982
983
984
985
986
987
988
989
990
991
992
993
994
995
996
997
998
999
1000
4341
4342
4343
4344
1001
1002
1004
1005
1006
1007
1008
1009
1011
1012
1014
1015
1018
1022
1023
1010
1025
1024
1026
1027
1028
1029
1030
1032
1033
1034
1035
1036
1037
1038
1039
1040
1041
1042
1043
1045
1046
1047
1044
1049
1050
1051
1052
1053
1054
1055
1056
1057
1058
1059
1060
1061
1062
1063
1064
1065
1066
1067
1068
1069
1070
1071
1072
1073
1074
1075
1076
1077
1078
1079
1080
1081
1082
1083
1083
1084
1085
1087
1086
1088
1089
1090
1091
1092
1093
1094
1095
1096
1097
1097
1098
1099
1100
1101
1102
1108
1103
1104
1110
1111
1112
1113
1114
1115
1116
1117
1118
1119
1120
1121
1122
1123
1124
1125
1126
1127
1128
1129
1130
1131
1132
1133
1134
1135
1135
1137
1138
1139
1140
1141
1142
1143
1144
1145
1146
1147
1148
1149
1150
1151
1152
1153
1154
1155
1156
1157
1158
1159
1160
1161
1162
4310
1164
1165
1163
1166
1167
1168
1169
1170
1171
1172
1173
1174
1175
1176
1177
1178
1179
1180
1181
1182
1183
4307
1184
1185
1186
1187
1188
1189
1190
1191
1192
1193
1194
1195
1196
1197
1198
1200
1201
1202
1203
1204
1205
1206
1207
1208
1209
1210
1211
1212
1213
1214
1215
1216
1217
1218
1219
1220
1221
1222
1223
1224
1225
1226
1227
1228
1229
1230
1231
1232
1233
1234
1235
1236
1237
1238
1239
1240
1241
1242
1243
1244
1245
1246
1247
1248
1249
1250
1251
1253
1254
1255
1256
1257
1258
1260
1261
1262
1263
1264
1265
1266
1267
1268
1269
1270
1271
1272
1273
1274
1275
4349
1276
1277
4348
1287
1288
1278
1280
1281
1279
1282
1283
1284
1285
1286
1289
1290
1292
1293
1294
1295
1291
1296
1298
1297
1299
1300
1301
1302
1303
1305
1304
1306
1307
1308
1309
1310
1311
1312
1313
1314
1315
1316
1317
1318
1319
1320
1321
1322
1323
1324
1325
1326
1331
1332
1335
1327
1328
1329
1330
1336
1337
1338
1339
1340
1341
1342
1343
1344
1345
1346
1347
1348
1349
1350
1351
1352
1353
1354
1355
1356
1357
1358
1359
1360
1361
1362
1363
1364
1365
1366
1367
1368
1369
1370
1371
1372
1373
1374
1375
1376
1377
1378
1379
1380
1381
1382
1383
1385
1395
1386
1387
1392
1388
1393
1394
1389
1391
1390
1396
1397
4314
4331
1398
1402
1399
1400
1401
1403
1404
1407
1406
1405
1408
1409
1410
1411
1412
1413
1414
1416
1415
1417
1418
1420
1419
1422
1423
1425
1426
1427
1428
4320
4321
4325
4322
4323
4324
1429
1430
1431
1432
1433
1435
1434
1441
1442
1440
1438
1436
1437
1439
1443
1445
1444
1446
1447
1448
1449
1450
1451
1452
1453
1454
1455
1456
1457
1458
1459
1460
1461
1462
1463
1464
1465
1466
1467
1468
1469
1470
1471
1472
1473
1474
1475
1476
1477
1478
1479
1481
1482
1483
1484
1485
1486
1480
1487
1488
1489
1490
1491
1492
1493
1495
1496
1497
1498
1499
1500
1501
1502
1504
1503
4309
1506
1507
1509
1509
1510
1511
1617
1512
1513
1514
1515
1517
1518
1516
1519
1520
1521
1522
1523
1524
1525
1526
1527
1528
1531
1533
1532
1494
1529
1530
1535
4332
1536
1537
1538
1539
1540
1541
1542
1543
1544
1545
1546
1547
1553
1552
1551
1550
1549
1548
1554
1555
1556
1557
1558
1559
1560
1562
1563
1577
1564
1575
1576
1579
1578
1566
1565
1567
1568
1569
1569
1571
1570
1572
1573
1574
1580
1581
1582
1583
1584
1585
1589
1586
1587
1588
1590
1591
1592
1594
1595
1596
1599
1600
1606
1607
1614
1615
1602
1603
1601
1605
1604
1608
1616
1609
1610
1611
1618
1619
1612
1613
1620
1638
1621
1622
1623
1624
1625
1626
1627
1628
1629
1631
1632
1633
1636
1630
1634
1635
1637
1639
1640
1641
1642
1643
1644
1645
1649
1647
1646
1648
1650
1652
1653
1651
1654
1655
1656
1657
1658
1659
1660
1661
1663
1664
1666
1668
1669
1670
1671
1672
1673
1674
1675
1676
1677
1678
1679
1680
1681
1683
4351
1684
1685
1686
1687
1688
1688
1689
1690
1691
1692
1693
1694
1695
1696
1697
1698
1699
1700
1702
1703
1704
1705
1706
1707
1708
1709
1710
1711
1712
1713
1714
1715
1716
1719
1717
1718
1720
1720
1721
1722
1723
1724
1725
1726
1727
1728
1730
1729
1731
1732
1733
1734
1736
1735
1737
1738
1739
1740
1741
1742
1774
1775
1776
1777
1778
1779
1780
1781
1782
1783
1784
1785
1786
1787
1788
1789
1790
4350
1791
1792
1793
1794
1795
1796
1797
1799
1800
1801
1802
1803
1804
1806
1805
1807
1808
1809
1810
1811
1812
1813
1814
1815
1816
1817
1818
1819
1820
1821
1822
1823
1824
1825
1826
1827
1828
1829
1830
1831
1832
1833
1834
1835
1836
1837
1838
1839
1840
1841
1842
1843
1844
1846
1847
1845
1848
1849
1850
1851
1852
1852
1854
1857
1858
1856
1855
1859
1860
1861
1862
1864
1865
1866
1867
1868
1869
1870
1871
1872
1873
1874
1875
1876
1877
1878
1879
1880
1881
1882
1883
1884
1885
1886
1888
1887
1889
1890
1891
1893
1892
1894
1896
1897
1895
1898
1899
1900
1901
1902
1903
1904
1905
1906
1907
1908
1909
1910
1911
1912
1913
1914
1916
1915
1917
1918
1919
1920
1921
1922
1923
1924
1925
1926
1926
1927
1928
1929
1930
1931
1932
1933
1934
1935
1936
1937
1939
1940
1941
1942
1943
1944
1946
1945
1947
1948
1949
1950
1954
1955
1956
1957
1958
1959
1960
1961
1962
1963
1964
1965
1966
1967
1968
1969
1970
1971
1972
1973
1974
1975
1976
1977
1978
1979
1980
1983
1984
1985
1986
1987
1988
1989
1990
1991
1992
1993
1994
1995
1996
1997
1998
1999
2000
2002
2003
2004
2004
2008
2006
2009
2010
4330
4345
2011
2012
2013
2030
2014
2015
2016
2017
2018
2019
2020
2021
2022
2023
2024
2025
2026
2027
2028
2029
2031
2032
2033
2034
2035
2036
2037
2038
2039
2040
2041
2042
2043
2044
2047
2046
2047
2048
2053
2052
2051
2055
2049
2050
2054
2056
2057
2058
2059
2060
2061
2064
2062
2065
2071
2074
2075
2076
2077
2079
2081
2085
2088
2089
2095
2096
2097
2098
2101
2103
2104
2108
2109
2110
2111
2112
2113
2114
2115
2116
2118
2119
2120
2121
2122
2123
2124
2125
2126
2127
2128
2131
2132
2133
2134
2135
2136
2137
2138
2139
2140
2141
2142
2143
2144
2145
2146
2147
2148
2149
2150
2151
2152
2153
2154
2155
2159
2157
2158
2160
2162
2161
2163
2164
2165
2166
2167
2168
2169
2170
2171
2172
2173
2174
2175
2176
2179
2180
2181
2182
2183
2185
2186
2187
2189
2188
2190
2191
2194
2196
2197
2199
2200
2193
2201
2195
2202
2203
2204
2205
2210
2207
2208
2209
2206
2211
2212
2213
2214
2215
2216
2217
2219
2220
2221
2222
2224
2226
2224
2228
2227
2229
2230
2231
703
2232
2233
2234
2235
2236
2237
2238
2242
2241
2239
2240
2243
2244
2245
2246
2247
2250
2249
2252
2251
2253
2254
2255
2045
2256
2257
2258
2259
2260
2261
2262
2263
2264
2265
2266
2267
2268
2269
2270
2272
2271
2273
2274
2275
2276
2277
2279
2280
2281
2282
2283
2284
2285
2286
2287
2288
2289
2290
2291
2292
2293
2294
2295
2300
2306
2296
2309
2303
2304
2305
2301
2310
2302
2297
2308
2299
2298
2307
2311
2313
2312
2314
2315
2316
2317
2318
2319
2320
2321
2322
2323
2324
2325
2326
2327
2328
2329
2330
2331
2332
2334
2335
2336
2337
2338
2339
2340
2342
2342
2343
2344
2345
2346
2347
2348
2349
2350
2351
2352
2353
2354
2355
2356
2357
2358
2360
2361
2362
2363
2364
2365
2366
2367
2368
2369
2370
2371
2372
2373
2374
2378
2375
2379
2376
2377
2380
2381
2382
2383
2384
2385
2386
2387
2388
2389
2390
2391
2392
2393
2395
2397
2396
2398
2394
2399
2400
2399
2401
2403
2402
2404
2406
2405
2407
2408
2409
2410
2411
2412
2416
2417
2419
2414
2415
2413
2418
2420
2421
2422
2423
2424
2425
2426
2428
2429
2430
2431
2432
2433
2434
4346
2434
2436
2437
2438
2439
2441
2440
2442
2435
2443
2444
2445
2446
2447
2448
2449
2450
2451
2452
2453
2454
2455
2456
2457
2458
2459
2460
2461
2462
2463
2464
2465
2466
2467
2468
2469
2470
2471
2472
2473
2474
2475
2476
2926
2925
2924
2477
2478
2479
2480
2481
2482
2483
2484
2485
2485
2487
2488
2489
2490
2481
2482
2483
2484
2485
2486
2487
2488
2491
2492
2493
2494
2495
2496
2497
2498
2499
2500
2501
2502
2503
2504
2505
2506
2507
2508
2509
2510
2511
2512
2513
2514
2515
2516
2517
2518
2519
2526
2527
2528
2529
2530
2552
2531
2532
2533
2534
2535
2536
2537
2538
4299
2539
2540
2541
2543
2544
2545
2546
2547
2548
2550
2549
2554
2551
2553
2555
2556
2557
2558
2559
2560
2561
2562
2563
2564
2565
2566
2567
2568
2569
2570
2571
2572
2573
2576
2578
2577
2580
2579
2581
2582
2583
2585
2584
2586
2587
2588
2589
2590
2591
2923
2592
2593
2594
2595
2596
2597
2598
2599
2600
2601
2602
2603
2638
2605
2604
2606
2607
2608
2609
2610
2611
2612
2613
2614
2615
2616
2617
2618
2620
2619
2621
2623
2622
2624
2625
2626
2627
2628
2629
2630
2631
2632
2633
4354
2634
2635
2636
2637
2638
2639
4326
2640
2641
2642
2643
2645
2646
2647
2648
2649
2650
2651
2652
2653
2654
2655
2656
2657
2658
2659
2660
2663
2661
2662
2664
2665
2666
2667
2668
2669
2670
2671
2675
2676
2677
2680
2678
2679
2682
2681
2683
2684
2685
2686
2687
2688
2689
2690
2693
2692
2695
2694
2691
2696
2698
2700
2697
2699
2701
2702
2703
2704
2705
2706
2707
2708
2709
2710
2711
2712
2714
2715
2713
2716
2718
2717
2719
2720
2721
2723
2724
2725
2726
2728
2727
2729
2730
2731
2732
2733
2734
2735
2736
2722
2737
2738
2739
2740
2741
2742
2743
2744
2745
2746
2747
2748
2749
2750
2751
2752
2753
2754
2755
2756
2757
2758
2759
2760
2761
2762
2763
2764
2766
2770
2768
2769
2765
4298
2766
2772
2771
2775
2773
2774
2776
2777
2779
2780
2778
2781
2783
2782
2784
2785
2785
2786
2787
2788
2789
2790
2791
2792
2793
2795
2796
2797
2798
2799
2800
2801
2802
2804
2805
2808
2807
2809
2810
2811
2812
2813
2814
2815
2816
2817
2818
2820
2821
2831
2883
2921
2960
2956
2957
2958
2959
2961
2975
3000
3001
3015
3070
3071
3072
3076
3095
3096
3097
3100
3113
3109
3110
3111
3116
3117
3119
3198
3206
3226
3199
3336
3337
3338
3339
3340
3341
3355
3354
3353
3352
3351
3348
3350
3349
3347
3346
3345
3343
3342
3272
3273
4373
3270
3271
3269
3268
3266
3267
3265
3264
3263
3262
3261
3260
3257
3256
3255
3254
3252
3253
3251
3250
3249
3248
3247
3246
3245
3243
3242
3241
3240
3244
3239
3238
3237
3236
3235
3234
3233
3232
3231
3230
3274
3276
3277
3278
3279
3280
3281
3433
3503
3630
3633
3640
3641
3636
3639
3638
3635
3643
3642
3657
3655
3656
4303
3678
3672
3674
3673
3675
3683
3818
4042
4041
4044
4043
4046
4047
4099
4138
4158
4189
4194
4226
4227
4229
4233
4238
4239
4240
4241
4242
4250
4258
4252
4254
4255
4257
4256
4259
4260
4261
4262
4263
4264
4265
4266
4270
4267
4268
4269
4271
4272
4273
4280
4274
4275
4276
4277
4278
4279
4281
4282
4283
4284
4286
4287
4291
4289
4290
4288
4285
4292
4293
209
2105
2078
2080
2082
2087
2091
2093
2099
2106
2107
2083
86
272
1048
1105
1106
2184
205
3694
1598
2178
2427
2459
2177
2069
2070
2218
1424
1259
362
2092
1003
881
2156
752
2521
2524
2523
2525
2522
2100
2068
3124
3124
3124
4297
273
2001
913
2198
219
1561
2575
1597
1252
1667
1665
2489
1938
1013
883
13
14
171
212
216
229
310
637
879
1020
1021
1107
2819
1109
1421
1505
1534
1798
1952
2007
2063
2090
2192
2223
2248
2333
2359
2520
2574
2672
2673
2674
2794
2876
4243
4253
221
4356
4357
4358
4359
4360
4361
4362
4363
4364
4365
4366
4367
4368
4369
4370
4371
4379
4381
1701
7143
1
2
3
4
5
6
7
8
9
10
11
12
13
14
15
16
17
18
19
20
21
22
23
24
25
26
27
28
29
30
31
32
33
34
35
36
37
38
39
40
41
42
43
44
45
46
47
48
49
50
51
52
53
54
55
56
57
58
59
60
61
62
63
64
65
66
67
68
69
70
71
72
73
74
75
76
77
78
79
80
81
82
83
84
85
86
87
88
89
90
91
92
93
94
95
96
97
98
99
100
101
102
103
104
105
106
107
108
109
110
111
112
113
114
115
116
117
118
119
120
121
122
123
124
125
126
127
128
129
130
131
132
133
134
135
136
137
138
139
140
141
142
143
144
145
146
147
148
149
150
151
152
153
154
156
157
158
159
160
161
162
163
164
165
166
167
168
169
170
171
172
173
174
175
176
177
178
179
180
181
182
183
184
185
186
187
188
189
190
191
192
193
194
195
196
197
198
199
200
201
202
203
204
205
206
207
208
209
210
211
212
213
214
215
216
217
218
219
220
221
222
223
224
225
226
227
228
229
230
231
232
233
234
235
236
237
238
239
240
241
242
243
244
245
1
2
3
4
5
6
7
8
9
10
11
12
13
14
15
16
17
18
19
20
21
22
23
24
25
26
27
28
29
30
31
32
33
34
35
36
37
38
39
40
41
42
43
44
45
46
47
48
49
50
51
52
53
54
55
56
57
58
59
60
61
62
63
64
65
66
67
68
69
70
71
72
73
74
75
76
77
78
79
80
81
82
83
84
85
86
87
88
89
90
91
92
93
94
7144
7145
7146
7147
7148
7149
7150
7151
7152
7153
7154
7155
7156
7157
7158
7159
7160
7161
7162
7163
7164
7165
7166
7167
7168
7169
7170
7171
7172
7173
7174
7175
7176
7177
7178
7179
7180
7181
7182
7183
7184
7185
7186
7187
7188
7189
7190
7186
7191
7192
7193
7194
7196
7197
7198
7199
7200
7201
7202
7203
7204
7205
7206
7207
7208
7209
7195
7210
7449
7448
7211
7212
7213
7214
7215
7216
7217
7218
7219
7447
7220
7221
7222
7446
7145
7444
7223
7224
7225
7726
7227
7228
7229
7230
7231
7232
7233
7234
7235
7236
7237
7238
7239
7240
7241
7242
7243
7245
7246
7247
7248
7249
7250
7251
7252
7253
7254
7255
7256
7257
7258
7259
7260
7261
7262
7263
7264
7265
7266
7267
7268
7269
7270
7271
7272
7273
7274
7000
7276
7277
7278
7279
7280
7281
7282
7283
7284
7285
7286
7287
7288
7289
7290
7291
7292
7293
7294
7295
7296
7297
7298
7299
7300
7301
7302
7303
7304
7305
7306
7307
7308
7309
7310
7311
7312
7313
7314
7315
7316
7317
7318
7319
7320
7321
7322
7323
7324
7325
7326
7327
7328
7329
7330
7331
7332
7333
7334
7335
7336
7337
7338
7339
7340
7341
7342
7343
7344
7345
7346
7347
7348
7349
7350
7351
7352
7353
7354
7355
7356
7357
7358
7359
7360
7361
7362
7363
7364
7365
7366
7367
7368
7369
7370
7371
7372
7373
7374
7375
7376
7377
7378
7379
7380
7381
7382
7383
7384
7385
7387
7388
7389
7390
7391
7392
7393
7394
7395
7396
7397
7398
7399
7400
7401
7402
7403
7404
7405
7406
7407
7408
7409
7410
7411
7412
7413
7414
7415
7416
7386
7417
1
2
3
4
5
6
7
8
9
10
11
12
13
14
15
16
17
18
19
20
21
22
23
24
25
26
27
28
29
30
31
32
33
34
35
36
37
38
39
40
41
42
43
44
45
46
47
48
49
50
51
52
53
54
55
56
57
58
59
60
61
62
63
64
65
66
67
68
69
70
71
72
73
74
75
76
77
78
79
80
81
82
83
84
85
86
87
88
89
90
91
7418
92
93
94
95
96
97
98
99
100
101
7419
7420
7421
7422
7423
7424
7425
7426
7427
7428
7429
7430
7431
7432
4521
7433
7434
7435
7436
7437
7438
7439
7440
7441
7442
7443
7444
7445
7446
7447
7448
7449
7450
7451
7452
7453
7454
7455
7456
7457
7458
7459
7460
7461
7462
7463
7464
7465
7466
7467
7468
7469
7470
7471
7472
7473
7474
7475
7476
7477
7478
7479
7480
7481
7482
7483
7484
7485
7486
7487
7488
7489
7490
7491
7492
7493
7494
7495
7496
7497
7498
7499
7500
7501
7502
7503
7504
7505
7506
7507
7508
7509
7510
7511
7512
7513
7514
7515
7516
7517
7518
7519
7520
7521
7522
7523
7524
7525
7526
7527
7528
7529
7530
7531
7532
7533
7534
7535
7536
7537
7538
7539
7540
7541
7542
7543
7544
7545
7546
7547
7548
7549
7550
7551
7552
7553
7554
7555
7556
7557
7558
7559
7560
7561
7562
7563
7564
7565
7566
7567
7568
7569
7570
7571
7572
7573
7574
7575
7576
7577
7578
7579
7580
7581
7582
7583
7584
7585
7586
7587
7588
7589
4523
4524
4525
4526
4527
4528
7596
4529
4530
7599
7600
7601
7602
7603
4531
7605
7606
7607
7608
7609
7610
4532
7612
7613
7614
4533
4534
7617
4535
7619
4536
7621
7622
7623
7624
4537
7626
4538
4539
4540
7630
4541
4542
7633
4543
4544
7636
4545
4546
7639
7640
7641
4522
7642
4547
7643
7644
7645
4548
4549
7646
7647
4550
4551
7648
7649
7650
7651
7652
7653
7654
7655
7656
7657
7658
7659
7660
7661
7662
7663
7664
7665
7666
7667
7668
7669
7670
7671
7672
7673
7674
7675
7676
7677
7678
7679
7680
7681
7682
7683
7684
7685
7686
7687
7688
7689
7690
7691
7692
7693
7694
7695
7696
7697
7698
7699
7700
7701
7702
7703
7704
7705
7706
7707
7708
7709
7710
7711
7712
7713
7714
7715
7716
7717
7718
7719
7720
7721
7722
7723
7724
7725
7726
7727
4552
4553
4554
4555
7696
7697
7698
7699
8972
7701
7702
7703
7704
7705
7706
7707
7708
7709
7710
7711
7712
4556
7819
7728
7729
7730
7731
7732
7733
7734
7735
7736
7737
7738
7738
7739
7740
7741
7742
7743
7744
7745
7746
7747
7748
7749
7750
7751
7752
7753
7754
7755
7756
7757
7758
7759
7760
7761
7762
7763
7764
7765
7766
7767
7768
7769
7770
7771
7772
7773
7774
7775
7776
7785
7777
7778
7779
7780
7781
7782
7783
7784
7786
7787
7788
7789
7790
7791
7792
7793
7794
7795
7796
7797
7798
7799
7800
7801
7802
7803
7804
7805
7806
7807
7808
7809
7810
7811
7812
7813
7814
7815
7816
7817
7818
7820
7989
7990
7991
7992
7993
7994
7995
7996
7997
7998
7999
8000
8001
8002
8003
8004
8005
8006
8007
8008
8009
8010
8011
8012
8013
8014
8015
8016
8017
8018
8019
8020
8021
8022
8023
8024
8025
8026
8027
8028
8029
8030
8031
8032
8033
8034
8035
8036
8037
8038
8039
8040
8041
8042
8043
8044
8045
8046
8047
8048
8049
8050
8051
8052
8053
8054
8055
8056
8057
8058
8059
8060
8061
8062
8063
8064
8065
8066
8067
8068
8069
8070
8071
8072
8073
8074
8075
8076
8077
8078
8079
8080
8081
8082
8083
8084
8085
8086
8087
8088
8089
8090
8091
8092
8093
8094
8095
8096
8097
8098
8099
8100
8101
8102
8103
8104
8105
8106
8107
8108
8109
8110
8111
8112
8113
8114
8115
8116
8117
8118
8119
8120
8121
8122
8123
8124
8125
8126
8127
8128
8129
8130
8131
8132
8133
8134
8135
8136
8137
8138
8139
8140
8141
8142
8143
8144
8145
8146
8147
8148
8149
8150
8151
8152
8153
8154
8155
8156
8157
8158
8159
8160
8161
8162
8163
8164
8165
8166
8167
8168
8169
8170
8171
8172
8173
8174
8175
8176
8177
8178
8179
8180
8181
8182
8183
8184
8185
8186
8187
8188
8189
8190
8191
8192
8193
8194
8195
8196
8197
8183
8198
8199
8143
8144
8145
8146
8147
8148
8150
8149
8151
8152
8153
8154
8155
8156
8157
8158
8160
8161
8162
8163
8164
8165
8166
8167
8168
8169
8170
8171
8172
8173
8175
8176
8177
8178
8179
8180
8181
8182
8184
8185
8186
8187
8188
8189
8190
8191
8192
8193
8194
8195
8196
8197
8198
8199
8200
8201
8202
8203
8204
8205
8206
8207
8208
8209
8210
8211
8212
8213
8214
8215
8216
8217
8200
8218
8219
8220
8221
8222
8223
8224
8225
8226
8227
8228
8229
8230
8231
8232
8233
8234
8235
8236
8237
8238
8239
8240
8241
8242
8243
8244
8245
8246
8201
8202
8203
8204
8205
8206
8207
8208
8209
8210
8211
8212
8213
8214
8215
8216
8217
8218
8219
8220
8221
8222
8223
8224
8225
8226
8227
8228
8229
8230
8231
8232
8233
8234
8235
8236
8237
8238
8239
3840
3841
8242
8243
8244
8245
8246
8247
8248
8249
8250
8251
8252
8253
8254
8255
8256
8257
8258
8259
8260
8261
8262
8247
8248
8249
8250
8251
8252
8253
8254
8255
8256
8257
8258
8263
8264
8265
8266
8259
8260
8261
8262
8263
8264
8265
8266
8267
8268
8269
8270
8267
8268
8269
8270
8271
8272
8273
8274
8275
8276
8277
8278
8279
8280
8281
4557
8282
8283
8284
8285
8286
8287
8288
8289
8290
8291
8292
8293
8294
8295
8296
8297
8298
8299
8300
8301
8302
8303
8304
8305
8306
8307
8308
8309
8310
8311
8312
8313
8314
8315
8316
8317
8271
8272
8273
8274
8275
8276
8277
8278
8279
8280
8281
8282
8283
8284
8318
8319
8320
8321
8322
8323
8285
8324
8325
8286
8287
8288
8289
8290
8291
8292
8293
8294
8295
8296
8297
8298
8299
8300
8301
8302
8303
8304
8305
8306
8307
8308
8309
8310
8311
8312
8313
8314
8315
8316
8317
8318
8319
8320
8321
8322
8323
8324
8325
8326
8327
8328
8329
8330
8331
8332
8333
8334
8335
8336
8337
8338
8339
8340
8341
8342
8343
8344
8345
8346
8347
8348
8349
8350
8351
8352
8353
8354
8355
8356
8357
8358
8359
8360
8361
8362
8363
8364
8365
8366
8367
8368
8369
8370
8371
8372
8373
8374
8375
8376
8377
8378
8379
8380
8381
8382
8383
8384
8385
8386
8387
8388
8389
8390
8391
8392
8393
8394
8395
8396
8397
8398
8399
8400
8401
8402
8403
8404
8405
8406
8407
8408
8409
8410
8411
8412
8413
8414
8415
8416
8417
8418
8420
8421
8422
8423
8424
8425
8426
8427
8428
8429
8430
8431
8432
8433
8434
8435
8436
8437
8438
8439
8440
8441
8442
8443
8444
8445
8446
8447
8448
8449
8450
8451
8452
8453
8454
8455
8456
8457
8458
8459
8460
8461
8462
8463
8464
8465
8466
8467
8468
8469
8470
8471
8472
8473
8474
8475
8476
8477
8478
8479
8480
8481
8482
8483
8484
8485
8486
8487
8488
8489
8490
8491
8492
8493
8494
8495
8496
8497
8498
8499
8500
8501
8502
8503
8504
8505
8506
8507
8508
8509
8510
8511
8512
8513
8514
8515
8516
8517
8518
8519
8520
8521
8522
8523
8524
8525
8526
8527
8528
8529
8530
8531
8532
8533
8534
8535
8536
8537
8538
8539
8540
8541
8542
8543
8544
8545
8546
8547
8548
8549
8550
8551
8552
8553
8554
8555
8556
8557
8558
8559
8560
8561
8562
8563
8564
8565
8566
8567
8568
8568
8569
8570
8571
8572
8573
8574
8575
8576
8577
8578
8579
8580
8581
8582
8583
8584
8585
8586
8587
8588
8589
8590
8591
8592
8593
8594
8595
8596
8597
8598
8599
8600
8601
8602
8603
8604
8605
8606
8607
8608
8609
8610
8611
8612
8613
8614
8615
8616
8617
8618
8619
8620
8621
8622
8623
8624
8625
8626
8627
8628
8629
8630
8631
8632
8633
8634
8635
8636
8637
8638
8639
8640
8641
8642
8643
8644
8645
8646
8647
8648
8649
8650
8651
8652
8653
8654
8655
8656
8657
8658
8659
8660
8661
8662
8663
8664
8665
8666
8667
8668
8669
8670
8671
8672
8673
8674
8675
8676
8677
8678
8679
8680
8681
8682
8683
8684
8685
8686
8687
8688
8689
8690
8691
8692
8693
8694
8695
8696
8697
8698
8699
8700
8701
8702
8703
8704
8705
8706
8707
8708
8709
8710
8711
8712
8713
8714
8715
8716
8717
8718
8719
8720
8721
8722
8723
8724
8725
8726
8727
8728
8729
8730
8731
8732
8733
8734
8735
8736
8737
8738
8739
8740
8741
8742
8743
8744
8745
8746
8747
8748
8749
8750
8751
8752
8753
8754
8755
8756
8757
8758
8759
8760
8761
8762
8763
8764
8765
8766
8767
8768
8769
8770
8771
8772
8773
8774
8775
8776
8777
8778
8779
8780
8781
8782
8783
8784
8785
8786
8787
8788
8789
8790
8791
8792
8793
8794
8795
8796
8797
8798
8799
8800
8801
8802
8803
8804
8805
8806
8807
8808
8809
8810
8811
8812
8813
8814
8815
8816
8817
8818
8819
8820
8821
8822
8823
8824
8825
8826
8827
8828
8829
8830
8831
8832
8833
8834
8835
8836
8837
8838
8839
8840
8841
8842
8843
8844
8845
8846
8847
8848
8849
8850
8851
8852
8853
8854
8855
8856
8857
8858
8859
8860
8861
8862
8863
8864
8865
8866
8867
8868
8869
8870
8871
8872
8873
8874
8875
8876
8877
8878
8879
8880
8881
8882
8883
8884
8885
8886
8887
8888
8889
8890
8891
8892
8893
8894
8895
8896
4558
4559
8897
8898
8899
8900
8901
8902
8903
8904
8905
8906
8907
8908
8909
8910
8911
8912
8913
8914
8915
8916
8917
8918
8919
8920
8921
8922
8923
8925
8926
8927
4560
4561
4562
4563
1
2
3
4
5
6
7
8
9
10
11
12
13
14
15
16
17
18
19
20
21
22
23
24
25
26
27
28
29
30
31
32
33
34
35
36
37
38
39
40
41
42
43
44
45
46
47
48
49
50
51
52
53
54
55
56
57
58
59
60
61
62
63
64
64
65
66
67
68
69
70
71
72
73
74
75
76
77
78
79
80
81
82
83
84
85
86
87
88
89
90
91
92
93
94
95
96
97
98
99
100
101
102
103
104
105
106
107
108
109
110
111
112
113
114
115
116
117
118
119
120
121
122
123
124
125
126
127
128
129
130
131
132
133
134
135
136
137
138
139
140
141
142
143
144
145
146
147
148
149
150
151
152
153
154
155
156
157
158
159
160
161
162
163
164
165
166
167
168
169
170
171
172
173
174
175
176
177
178
179
180
181
182
183
184
185
186
187
188
189
190
191
192
193
194
195
196
197
198
199
200
201
202
203
204
205
206
207
208
209
210
211
212
213
214
215
216
217
218
219
220
221
222
223
224
225
226
227
228
229
230
231
232
233
234
235
236
237
238
239
240
241
242
242
242
242
242
242
243
244
245
246
247
248
249
250
251
252
253
254
255
256
257
258
259
260
261
262
263
264
265
266
267
268
269
270
271
272
273
274
275
276
277
278
279
280
281
282
283
284
285
286
287
288
289
290
291
292
293
294
295
296
297
298
299
300
301
302
303
304
305
306
307
308
309
310
311
312
313
314
315
316
317
318
319
320
321
322
323
324
325
326
327
328
329
330
331
332
333
334
335
336
337
338
339
340
341
342
343
344
345
346
347
348
349
350
351
352
353
354
355
356
357
358
359
360
361
362
363
364
365
366
367
368
369
370
371
372
373
374
375
376
377
378
379
380
381
382
383
384
385
386
387
388
389
390
391
392
393
394
395
396
397
398
399
400
401
402
403
404
405
406
407
408
409
410
411
412
413
414
415
416
417
418
419
420
421
422
423
424
425
426
427
428
429
430
431
432
433
434
435
436
437
438
439
440
441
442
443
444
445
446
447
448
449
450
451
452
453
454
455
456
457
458
459
460
461
462
463
464
465
466
467
468
469
470
471
472
473
474
475
476
477
478
479
480
481
482
483
484
485
486
487
488
489
490
491
492
493
494
495
496
497
498
499
500
501
502
503
504
505
506
515
571
572
573
574
575
576
577
578
579
580
581
582
583
584
585
586
587
588
589
590
591
592
593
594
595
596
597
598
599
600
601
602
603
604
605
606
607
608
609
610
611
612
613
614
615
616
617
618
619
620
621
622
623
624
625
626
627
628
629
630
631
632
633
634
635
636
637
638
639
640
641
642
643
644
645
646
647
648
649
650
651
652
653
654
655
656
657
658
659
660
661
662
663
664
665
666
667
668
669
670
671
672
673
674
675
676
677
678
679
680
682
683
684
685
686
687
688
689
700
701
702
703
704
705
706
707
708
709
710
711
712
713
714
715
716
717
718
719
720
721
722
723
724
725
726
727
728
729
730
731
732
733
734
735
736
737
738
739
740
741
742
743
744
745
746
747
748
749
750
751
752
753
754
755
756
757
758
759
760
761
762
763
764
765
766
767
768
769
770
771
772
773
774
775
776
777
778
779
780
781
782
783
784
785
786
787
788
789
790
791
792
793
794
795
796
797
798
799
800
801
802
803
804
805
806
807
808
809
810
811
812
813
814
815
816
817
818
819
820
821
822
823
824
825
826
827
828
829
830
831
832
833
834
835
836
837
838
839
840
841
842
843
844
845
846
847
848
849
850
851
852
853
854
855
856
857
858
859
860
861
862
863
864
865
866
867
868
869
870
871
872
873
874
875
876
877
878
879
880
881
882
883
884
885
886
887
888
889
890
891
892
893
894
895
896
897
898
899
900
901
902
903
904
905
906
907
908
909
910
911
912
913
914
915
916
917
918
919
920
921
922
923
924
925
926
927
928
929
930
931
932
933
934
935
936
937
938
939
940
941
942
943
944
945
946
947
948
949
950
951
952
953
954
955
956
957
958
959
960
961
962
963
964
965
966
967
968
969
970
971
972
973
974
975
976
977
978
979
980
981
982
983
984
985
986
987
988
989
990
991
992
993
994
995
996
997
998
999
1000
1001
1002
1003
1004
1005
1006
1007
1008
1009
1010
1011
1012
1013
1014
1015
1016
1017
1018
1019
1020
1021
1022
1023
1024
1025
1026
1027
1028
1029
1030
1031
1032
1033
1034
1035
1036
1037
1038
1039
1040
1041
1042
1043
1044
1045
1046
1047
1048
1051
1051
1052
1052
1053
1054
1055
1056
1057
1058
1059
1060
1061
1062
1063
1064
1065
1066
1067
1068
1069
1070
1071
1072
1073
1074
1075
1076
1077
1078
1079
1080
1081
1082
1083
1084
1084
1085
1085
1086
1087
1087
1088
1089
1090
1091
1092
1093
1094
1095
1096
1097
1098
1099
1100
1101
1102
1103
1104
1105
1106
1107
1108
1109
1110
1111
1112
1113
1114
1114
1115
1116
1117
1118
1119
1120
1121
1122
1123
1124
1125
1126
1127
1128
1129
1130
1131
1132
1133
1134
1135
1135
1136
1137
1138
1139
1140
1141
1142
1143
1144
1145
1146
1147
1148
1149
1150
1151
1151
1152
1152
1152
1153
1154
1154
1155
1156
1157
1158
1159
1160
1161
1162
1163
1164
1165
1166
1167
1168
1169
1170
1171
1172
1173
1174
1175
1176
1177
1178
1179
1180
1181
1182
1183
1184
1185
1186
1187
1188
1189
1190
1191
1192
1193
1194
1195
1196
1197
1198
1199
1200
1201
1202
1203
1204
1205
1206
1207
1208
1209
1210
1211
1212
1213
1214
1215
1216
1217
1218
1219
1220
1221
1222
1223
1224
1225
1226
1227
1228
1229
1230
1231
1232
1233
1234
1235
1236
1237
1238
1239
1240
1241
1242
1243
1244
1245
1246
1247
1248
1249
1250
1251
1252
1253
1254
1255
1256
1257
1258
1259
1260
1261
1262
1263
1264
1265
1266
1267
1268
1269
1270
1271
1272
1273
1274
1275
1276
1277
1278
1279
1280
1281
1282
1282
1283
1284
1285
1286
1287
1288
1289
1290
1291
1292
1293
1294
1295
1296
1297
1298
1299
1300
1301
1302
1303
1304
1305
1306
1307
1308
1309
1310
1311
1312
1313
1314
1315
1316
1317
1318
1319
1320
1321
1322
1323
1324
1325
1326
1327
1328
1329
1330
1331
1332
1333
1334
1335
1336
1337
1338
1339
1340
1341
1342
1343
1344
1345
1346
1347
1349
1350
1351
1352
1353
1354
1355
1356
1357
1358
1359
1360
1361
1362
1363
1364
1365
1366
1367
1368
1369
1370
1371
1372
1373
1374
1375
1376
1377
1378
1379
1380
1381
1382
1383
1384
1385
1386
1387
1388
1389
1390
1391
1392
1393
1394
1395
1396
1397
1398
1399
1400
1401
1402
1403
1404
1405
1406
1407
1408
1409
1410
1411
1412
1413
1414
1415
1416
1417
1418
1419
1420
1421
1422
1423
1424
1425
1426
1427
1428
1429
1430
1431
1432
1433
1434
1435
1436
1437
1438
1439
1440
1441
1442
1443
1444
1445
1446
1447
1448
1449
1450
1451
1452
1453
1454
1455
1456
1457
1458
1459
1460
1461
1462
1463
1464
1465
1466
1467
1468
1469
1470
1471
1472
1473
1474
1475
1476
1477
1478
1479
1480
1481
1482
1483
1484
1485
1486
1487
1529
1489
1490
1491
1492
1493
1494
1495
1496
1497
1498
1499
1500
1501
1502
1503
1504
1505
1506
1507
1508
1509
1510
1511
1512
1513
1514
1515
1516
1517
1518
1519
1520
1521
1522
1523
1524
1525
1526
1488
8929
8930
1528
1530
8931
8932
8933
8934
8935
8936
8937
8938
8939
8940
8941
8942
8943
8944
8945
8946
8947
8948
8949
8950
8951
8952
8953
8954
8955
8956
8957
8958
8959
8960
8961
8971
8962
8963
8964
8965
8966
8967
8968
8969
8970
8973
8974
8975
8976
8977
8978
8979
8980
8981
8982
8983
1531
1532
1533
1534
1535
1536
1537
1538
1539
1540
1541
1542
1543
1544
1545
1546
1547
1548
1549
1550
8984
8985
8986
8987
8988
8989
8990
4564
4565
4566
4567
4568
4569
4570
4571
4572
4573
4574
4575
4576
4577
8991
8992
8993
8994
8995
8996
8997
8998
8999
9000
9001
9002
9003
9004
9005
9006
9007
9008
9009
9010
9011
9012
9013
9014
9015
9016
9017
9018
9019
9020
9021
9022
9023
9024
4578
4579
4580
4581
4582
4583
4584
4585
4586
4587
4588
4589
4590
4591
4592
9025
9026
9027
9028
9029
9030
9031
9032
9033
9034
9035
9036
9037
9038
9039
9040
9041
9042
9043
9044
9045
9046
9047
9048
9049
9050
9051
9052
9053
9054
9055
9056
9057
9058
9059
4593
4594
4595
4596
4597
4598
4599
4600
4601
4602
4603
4604
4605
4606
4607
4608
4609
4610
9060
9061
9062
9063
9064
9065
9066
9067
9068
9069
9070
9071
9072
4611
4612
4613
4614
4615
4616
4617
4618
4619
4620
4621
4622
4623
4624
4625
4626
4824
4628
4629
4630
4631
4632
4633
4634
4635
4636
4637
4638
4639
4640
4641
4642
4643
4644
4645
4646
4647
4648
1
1
2
3
4
5
6
7
8
9
10
11
12
13
14
15
16
17
18
19
20
21
22
23
24
25
26
27
28
29
30
31
32
33
34
35
36
1
2
3
4
5
6
7
8
9
10
11
37
38
39
40
41
42
43
44
45
46
47
48
49
50
51
52
53
54
55
56
57
58
59
60
61
62
63
64
65
66
67
68
69
70
71
72
73
74
75
76
77
78
79
80
81
82
83
12
13
14
15
16
17
18
19
20
21
22
23
24
25
26
27
28
29
30
31
32
33
34
35
36
37
38
39
40
41
42
43
44
45
46
47
48
49
50
51
52
53
54
55
56
57
58
59
84
86
86
87
88
89
90
91
92
93
94
95
96
97
98
99
100
101
102
103
104
105
106
107
108
109
110
111
112
113
114
115
116
117
118
119
120
121
122
123
124
125
126
127
128
129
130
131
132
133
134
135
136
137
138
139
140
141
142
143
144
145
146
147
148
149
150
60
61
62
63
654
65
66
67
68
69
70
71
72
73
74
75
76
77
78
79
80
81
82
83
84
85
86
87
88
89
90
91
92
93
94
95
96
97
98
99
100
101
102
103
104
105
106
107
108
109
110
111
112
113
114
115
116
117
118
119
120
121
122
123
124
125
126
127
128
129
130
131
132
133
134
135
136
137
138
139
151
152
153
154
155
156
157
158
159
160
161
162
163
164
165
166
167
168
169
170
171
172
173
174
175
176
177
178
179
180
181
182
183
184
185
186
187
188
189
190
191
192
193
194
195
196
197
198
199
200
201
202
203
204
205
206
207
208
209
210
211
212
213
214
215
216
217
218
219
220
221
222
223
224
225
226
227
228
229
230
231
232
233
234
235
236
237
238
239
240
241
242
243
244
245
246
247
248
249
250
251
252
253
254
255
256
257
258
259
260
261
262
264
264
265
266
267
268
269
270
271
272
273
274
275
276
277
278
279
280
281
282
283
284
285
286
287
288
289
290
291
292
293
294
295
296
297
298
299
300
301
302
303
304
305
306
307
308
309
310
311
312
313
314
315
316
317
318
319
320
321
322
323
324
325
326
327
328
329
330
331
332
333
334
335
336
337
338
339
340
140
141
142
143
144
145
146
147
148
149
150
341
342
343
344
345
346
347
348
349
350
351
352
353
354
355
356
357
358
359
360
361
362
363
364
365
366
367
368
369
370
371
372
373
374
375
376
377
378
379
380
381
382
383
384
385
386
387
388
389
390
391
392
393
394
395
396
397
398
399
400
401
402
403
404
405
406
407
408
410
411
412
413
414
415
416
417
418
419
420
421
422
423
424
425
426
427
428
429
430
431
432
433
434
435
436
437
438
439
151
152
153
4649
4650
4651
4652
4653
4654
4655
4656
4657
4658
4659
4660
4661
4662
4663
4664
4665
4666
4667
4668
4669
4670
4671
4672
4673
4674
4675
4676
4677
4678
4679
4680
4681
4682
4683
4684
4685
4686
4687
4688
4689
4690
4691
4692
4693
4694
4695
4696
4697
4698
4699
4700
4701
4721
4702
4703
4704
4705
4706
4707
4708
4709
4710
4711
4712
4713
4714
4715
4716
4717
4718
4719
4720
4722
4723
4724
4725
4726
4727
4728
4729
4730
4731
4732
4733
4734
4735
4736
4737
4738
4739
4740
4741
4742
4743
4744
4745
4746
4747
4748
4749
4750
4751
4752
4753
4754
4755
4756
4757
4758
4759
4760
4761
4762
4763
4764
4765
4766
4767
4768
4769
4770
4771
4772
4773
4774
4775
4776
4777
4778
4779
4780
4781
4782
4783
4784
4785
4786
4787
4788
4790
4791
4792
4793
4794
4795
4796
4797
4798
4799
4800
4801
4802
4803
4804
4805
4806
4807
4808
4809
4810
4811
4812
4813
4814
4815
4816
4817
4818
4819
4820
4821
4822
4823
4825
9073
9074
9075
9076
4826
4827
1551
1552
1553
1554
1555
1556
1557
1558
1559
1560
1561
1562
1563
1564
1565
1567
9077
4828
9078
9079
9080
9081
9082
9083
9084
9085
9086
9087
9088
9089
9090
9091
9092
9093
9094
9095
9096
9097
9098
9099
10000
10001
10002
10003
10004
10005
10006
10007
10008
10009
10010
10011
10012
10013
10014
10015
10016
10017
10018
10019
10020
10021
10022
10023
10024
10025
10026
10027
10028
10029
10030
10031
10032
10033
10034
10035
10036
10037
10038
10039
10040
10042
10041
10043
10044
10045
10046
10047
10048
10049
10050
10051
10052
10053
10054
10055
10056
10057
10058
10059
10060
10061
10062
10063
10064
10065
10066
10067
10068
10069
10070
10071
10073
10074
10075
10076
10077
10078
10079
10080
10081
10082
10083
10084
10085
10086
10087
10088
10089
10090
10091
10092
10093
10094
10095
10096
10097
10098
10099
10100
10101
10102
10103
10104
10105
10106
10107
10108
10109
10110
10111
10112
10113
10114
10115
10116
10117
10118
10119
10120
10121
10122
10123
10124
10125
10126
10127
10128
10129
10130
10131
10132
10133
10134
10135
10136
10137
10138
10139
10140
10141
10142
10143
10144
10145
10146
10146
10147
10148
10149
10150
10151
10152
10153
10154
10155
10156
10157
10158
10159
10160
10161
10162
10163
154
155
156
157
158
159
160
161
162
163
164
165
166
167
169
168
170
171
172
174
173
175
176
177
178
179
180
181
182
183
184
185
186
187
188
189
190
191
192
193
194
195
196
198
199
200
201
202
203
204
205
206
207
208
209
210
211
212
213
214
215
216
217
217
218
219
220
221
222
223
224
225
226
227
228
229
230
231
232
